1.353544157812221016e+01 1.000000000000000000e+04 1.000000000000000000e+04 1.367941184814413802e+01 1.656202105361299459e+01 1.808234057114821880e+01 1.000000000000000000e+04 1.000000000000000000e+04 1.046052449481127233e+01 1.000000000000000000e+04
6.218077336174980374e+00 1.000000000000000000e+04 1.000000000000000000e+04 2.099677609009136603e+01 2.387938529556022615e+01 1.076497632920098724e+01 1.000000000000000000e+04 1.000000000000000000e+04 3.143160252864042103e+00 1.000000000000000000e+04
2.847201246207396608e+01 1.000000000000000000e+04 1.000000000000000000e+04 1.257159035807616121e+00 4.139768241276474470e+00 3.301891145509997472e+01 1.000000000000000000e+04 1.000000000000000000e+04 2.539709537876302647e+01 1.000000000000000000e+04
3.822451764370050142e+01 1.000000000000000000e+04 1.000000000000000000e+04 1.100966421743415680e+01 9.014553560221415296e+00 4.277141663672650651e+01 1.000000000000000000e+04 1.000000000000000000e+04 3.514960056038956537e+01 1.000000000000000000e+04
1.000000000000000000e+04 1.000000000000000000e+04 1.000000000000000000e+04 1.000000000000000000e+04 1.000000000000000000e+04 1.000000000000000000e+04 1.000000000000000000e+04 1.000000000000000000e+04 1.000000000000000000e+04 5.866096048772095450e+00
1.000000000000000000e+04 1.000000000000000000e+04 1.000000000000000000e+04 1.000000000000000000e+04 1.000000000000000000e+04 1.000000000000000000e+04 1.000000000000000000e+04 1.000000000000000000e+04 1.000000000000000000e+04 8.628190527732227721e+00
2.140173769472035659e+01 1.000000000000000000e+04 1.000000000000000000e+04 5.813115731545992482e+00 8.695724937014851719e+00 2.594863668774636523e+01 1.000000000000000000e+04 1.000000000000000000e+04 1.832682061140941698e+01 1.000000000000000000e+04
1.371921889876463752e+01 1.000000000000000000e+04 1.000000000000000000e+04 2.052787674347131741e+01 2.341048594894017754e+01 1.826611789179064615e+01 1.000000000000000000e+04 1.000000000000000000e+04 1.064430181545369791e+01 1.000000000000000000e+04
6.587050160250960573e+00 1.000000000000000000e+04 1.000000000000000000e+04 2.765206941989543310e+01 3.053467862536429323e+01 1.113394915327696921e+01 1.000000000000000000e+04 1.000000000000000000e+04 3.512133076940021414e+00 1.000000000000000000e+04
1.000000000000000000e+04 1.000000000000000000e+04 1.000000000000000000e+04 1.000000000000000000e+04 1.000000000000000000e+04 1.000000000000000000e+04 1.000000000000000000e+04 1.000000000000000000e+04 1.000000000000000000e+04 1.000000000000000000e+04
